457 u 103 3
253 d 102 99
254 q 106 256
311 i 288 220
180 r 55 152
475 s 106 447
1 z 133 215
97 b 290 411
348 z 496 63
186 f 74 348
302 q 321 87
32 d 106 84
386 u 255 407
54 l 214 19
236 n 223 315
429 y 219 223
111 b 138 359
320 w 128 214
317 z 108 188
336 a 247 276
55 i 144 313
377 f 431 65
90 n 345 187
44 f 208 90
478 w 179 55
123 f 333 460
178 e 464 85
1 b 93 201
370 y 176 249
165 g 128 96
56 t 145 457
7 a 127 376
380 k 279 303
399 c 333 223
398 c 201 52
381 t 191 337
241 k 64 112
218 u 273 289
50 k 122 115
181 j 1 318
40 p 186 192
331 z 343 200
497 k 54 55
442 u 77 89
497 c 34 170
25 d 292 173
76 t 29 474
106 x 157 175
2 x 108 92
175 h 157 230
50 s 125 264
319 k 25 408
441 n 146 335
408 c 75 277
166 e 450 138
440 n 128 144
310 w 42 83
169 z 66 147
189 e 461 304
186 b 23 237
111 m 433 251
215 h 342 34
39 v 16 185
471 c 430 42
499 h 222 397
71 m 250 28
22 n 64 445
105 d 409 385
247 w 10 421
297 o 337 88
435 e 121 450
153 l 301 295
176 f 246 428
129 q 257 491
247 h 165 490
317 y 90 119
68 d 373 23
474 p 386 142
63 h 69 100
344 w 395 46
74 p 75 164
336 q 76 85
7 b 99 19
1 j 393 138
226 o 154 487
320 r 402 323
86 y 456 29
196 w 26 62
369 d 181 227
88 j 441 29
205 p 461 432
252 a 29 25
309 a 266 416
385 u 230 190
180 p 57 76
215 v 476 99
448 z 226 366
492 s 209 434
227 s 362 221
63 e 491 385
